1.292903423309326172e+00
1.355579495429992676e+00
1.600270271301269531e+00
1.228251695632934570e+00
8.927026987075805664e-01
1.061984777450561523e+00
1.885850667953491211e+00
1.229209065437316895e+00
1.044535398483276367e+00
1.209059953689575195e+00
1.215716123580932617e+00
1.106366634368896484e+00
1.234694719314575195e+00
1.217996835708618164e+00
1.965129494667053223e+00
1.263411283493041992e+00
1.382073760032653809e+00
1.273758411407470703e+00
9.476134181022644043e-01
1.576548099517822266e+00
1.262907147407531738e+00
1.413209199905395508e+00
8.545736670494079590e-01
1.082421422004699707e+00
1.352026939392089844e+00
1.401475310325622559e+00
1.172451376914978027e+00
1.300453186035156250e+00
9.386951327323913574e-01
1.415182948112487793e+00
8.346554636955261230e-01
1.292559981346130371e+00
1.349540472030639648e+00
1.235924601554870605e+00
1.277461886405944824e+00
1.476501464843750000e+00
9.591493010520935059e-01
1.526412487030029297e+00
7.946009635925292969e-01
1.345014452934265137e+00
1.738344550132751465e+00
7.471688389778137207e-01
1.304634451866149902e+00
1.516027927398681641e+00
1.424679160118103027e+00
9.666080474853515625e-01
1.287001132965087891e+00
1.222164869308471680e+00
1.383460760116577148e+00
1.362469673156738281e+00
1.108951449394226074e+00
8.507256507873535156e-01
1.033987164497375488e+00
7.754107713699340820e-01
8.219624161720275879e-01
1.343636751174926758e+00
1.362910389900207520e+00
1.627386689186096191e+00
9.705487489700317383e-01
1.072064399719238281e+00
1.133323431015014648e+00
1.616917729377746582e+00
8.761180043220520020e-01
9.725993275642395020e-01
1.041954159736633301e+00
5.188897252082824707e-01
1.502107143402099609e+00
7.965723872184753418e-01
1.172629237174987793e+00
1.656656742095947266e+00
1.567067623138427734e+00
7.937788963317871094e-01
1.960635185241699219e+00
1.152001857757568359e+00
1.286579728126525879e+00
1.365836977958679199e+00
1.571372866630554199e+00
1.232688188552856445e+00
1.223014473915100098e+00
8.056569099426269531e-01
1.278337597846984863e+00
1.731583595275878906e+00
1.364756107330322266e+00
7.683618068695068359e-01
1.305420756340026855e+00
1.401000857353210449e+00
1.071995258331298828e+00
1.478735804557800293e+00
1.341475963592529297e+00
1.057517766952514648e+00
1.366084098815917969e+00
1.105583071708679199e+00
1.422537446022033691e+00
1.058133840560913086e+00
8.149330019950866699e-01
1.229864478111267090e+00
1.296185374259948730e+00
1.160925865173339844e+00
1.136505961418151855e+00
1.509823918342590332e+00
1.354691147804260254e+00
9.246868491172790527e-01
1.448290824890136719e+00
1.142553687095642090e+00
1.428191542625427246e+00
1.424718379974365234e+00
1.318077087402343750e+00
1.274201393127441406e+00
1.018347620964050293e+00
1.588316559791564941e+00
1.363063335418701172e+00
1.355395793914794922e+00
7.181192636489868164e-01
9.122304320335388184e-01
5.872602462768554688e-01
1.815690040588378906e+00
1.677469372749328613e+00
6.426755189895629883e-01
1.220953583717346191e+00
8.335870504379272461e-01
1.415182471275329590e+00
1.004834651947021484e+00
1.336297512054443359e+00
2.077410936355590820e+00
1.037105441093444824e+00
7.677178382873535156e-01
1.106455922126770020e+00
1.457782030105590820e+00
1.086884975433349609e+00
1.744036674499511719e+00
9.881067872047424316e-01
9.732760787010192871e-01
1.195223808288574219e+00
1.209490180015563965e+00
1.283935070037841797e+00
1.158938527107238770e+00
1.283967971801757812e+00
1.467818975448608398e+00
1.503294348716735840e+00
1.160781621932983398e+00
9.579826593399047852e-01
1.192851066589355469e+00
9.705510139465332031e-01
1.212749123573303223e+00
1.112936019897460938e+00
1.826662659645080566e+00
1.145189166069030762e+00
1.274807453155517578e+00
1.322496533393859863e+00
1.098430991172790527e+00
1.035661578178405762e+00
7.033525705337524414e-01
1.267377614974975586e+00
9.499308466911315918e-01
1.270995616912841797e+00
1.898792147636413574e+00
1.606809020042419434e+00
1.345286369323730469e+00
9.393456578254699707e-01
1.042174100875854492e+00
1.083109974861145020e+00
9.991244673728942871e-01
1.085362434387207031e+00
1.174302816390991211e+00
1.213896155357360840e+00
1.605038166046142578e+00
1.398440122604370117e+00
1.336336612701416016e+00
2.000952482223510742e+00
1.280612230300903320e+00
1.050996541976928711e+00
9.965489506721496582e-01
7.982464432716369629e-01
9.216284155845642090e-01
1.544410824775695801e+00
8.827760219573974609e-01
1.694857716560363770e+00
9.558680057525634766e-01
1.662972569465637207e+00
1.506455302238464355e+00
1.847559213638305664e+00
1.479781866073608398e+00
1.822272896766662598e+00
1.862037777900695801e+00
8.041709661483764648e-01
1.011410832405090332e+00
1.351545333862304688e+00
1.196256518363952637e+00
1.188678026199340820e+00
1.305089950561523438e+00
1.030963420867919922e+00
1.228212594985961914e+00
1.839869260787963867e+00
1.046298027038574219e+00
1.035123944282531738e+00
1.592751860618591309e+00
7.749959230422973633e-01
1.326418280601501465e+00
8.552812337875366211e-01
1.271261096000671387e+00
1.179724454879760742e+00
1.577411532402038574e+00
1.181615114212036133e+00
2.237459421157836914e+00
8.241710066795349121e-01
8.380860686302185059e-01
1.117241621017456055e+00
1.175767183303833008e+00
1.203815698623657227e+00
1.478797912597656250e+00
1.447374343872070312e+00
1.106043934822082520e+00
6.685287952423095703e-01
1.540723681449890137e+00
8.340483307838439941e-01
1.246518850326538086e+00
1.379716634750366211e+00
1.696100831031799316e+00
1.043362736701965332e+00
1.238563895225524902e+00
1.667176842689514160e+00
1.399954676628112793e+00
1.755134940147399902e+00
1.156358838081359863e+00
1.737447857856750488e+00
1.524429082870483398e+00
1.690206050872802734e+00
7.102282643318176270e-01
1.045580506324768066e+00
1.343796968460083008e+00
1.077191710472106934e+00
1.236856341361999512e+00
1.700695872306823730e+00
1.934874057769775391e+00
6.663430929183959961e-01
1.915989398956298828e+00
1.183033943176269531e+00
1.236000657081604004e+00
1.224632740020751953e+00
1.548584342002868652e+00
1.349756002426147461e+00
1.285369992256164551e+00
1.574729204177856445e+00
9.697300195693969727e-01
7.123600840568542480e-01
9.896622300148010254e-01
5.616907477378845215e-01
1.614963889122009277e+00
1.542395114898681641e+00
1.323511958122253418e+00
1.304413199424743652e+00
1.387596726417541504e+00
1.399169445037841797e+00
1.459546685218811035e+00
1.706233263015747070e+00
1.549340248107910156e+00
4.962280094623565674e-01
1.331698536872863770e+00
1.945930957794189453e+00
1.244388461112976074e+00
1.088280558586120605e+00
9.973776340484619141e-01
1.160838246345520020e+00
1.460921168327331543e+00
8.594978451728820801e-01
1.585761189460754395e+00
1.105140686035156250e+00
1.290997862815856934e+00
1.634210467338562012e+00
1.328877568244934082e+00
1.485415101051330566e+00
1.174747943878173828e+00
6.594719886779785156e-01
1.484751939773559570e+00
8.079640865325927734e-01
1.306808590888977051e+00
1.307338953018188477e+00
1.634440183639526367e+00
7.175245285034179688e-01
9.544028639793395996e-01
1.151712298393249512e+00
1.359960913658142090e+00
5.411089658737182617e-01
9.222481846809387207e-01
1.268273830413818359e+00
1.212584972381591797e+00
1.007939100265502930e+00
2.598409652709960938e+00
1.297336220741271973e+00
1.191252470016479492e+00
1.555142283439636230e+00
1.232730031013488770e+00
2.287617206573486328e+00
1.841038227081298828e+00
1.180172562599182129e+00
4.787079989910125732e-01
1.349396347999572754e+00
1.090448737144470215e+00
9.332915544509887695e-01
1.464789628982543945e+00
8.789659142494201660e-01
2.053569793701171875e+00
1.227178096771240234e+00
8.899245262145996094e-01
1.761696815490722656e+00
1.564318656921386719e+00
1.456688761711120605e+00
1.252539753913879395e+00
1.917558670043945312e+00
9.365420937538146973e-01
1.071604251861572266e+00
1.058034896850585938e+00
1.402110457420349121e+00
1.391025662422180176e+00
1.072171926498413086e+00
1.540719509124755859e+00
6.996162533760070801e-01
1.057692289352416992e+00
1.071115255355834961e+00
9.779073596000671387e-01
1.505577445030212402e+00
1.310149550437927246e+00
1.425151944160461426e+00
1.281455993652343750e+00
1.110925555229187012e+00
1.378471374511718750e+00
1.665410399436950684e+00
1.359208226203918457e+00
1.171333312988281250e+00
1.123879075050354004e+00
1.544281125068664551e+00
1.911224246025085449e+00
1.305908322334289551e+00
1.085904836654663086e+00
1.272208929061889648e+00
1.420115709304809570e+00
1.434712767601013184e+00
1.503955602645874023e+00
1.483093976974487305e+00
1.358637332916259766e+00
1.801231861114501953e+00
1.390514850616455078e+00
1.810840249061584473e+00
1.292191624641418457e+00
1.188794374465942383e+00
1.750169396400451660e+00
7.603398561477661133e-01
1.150581955909729004e+00
1.399312019348144531e+00
8.709102272987365723e-01
1.075901150703430176e+00
1.794393420219421387e+00
1.719776868820190430e+00
2.228104114532470703e+00
1.181167006492614746e+00
1.784253120422363281e+00
1.250104427337646484e+00
8.910401463508605957e-01
1.420400738716125488e+00
9.909315705299377441e-01
1.230350255966186523e+00
2.290145158767700195e+00
1.016206741333007812e+00
1.226345300674438477e+00
1.280616164207458496e+00
9.507440924644470215e-01
6.239964365959167480e-01
1.454800963401794434e+00
8.812310099601745605e-01
1.027706384658813477e+00
1.662061810493469238e+00
1.225458979606628418e+00
1.154113054275512695e+00
9.674316048622131348e-01
1.163500189781188965e+00
1.909106016159057617e+00
1.181074023246765137e+00
1.573307394981384277e+00
1.739763736724853516e+00
1.377928137779235840e+00
1.203472018241882324e+00
1.334590554237365723e+00
1.124066114425659180e+00
9.677209258079528809e-01
1.359255075454711914e+00
1.167896866798400879e+00
1.114123106002807617e+00
8.497130870819091797e-01
9.542046785354614258e-01
1.558719635009765625e+00
2.061142683029174805e+00
1.003198742866516113e+00
1.198032975196838379e+00
1.453418612480163574e+00
1.281272292137145996e+00
1.008244156837463379e+00
1.086714982986450195e+00
1.046669363975524902e+00
8.710494637489318848e-01
1.152520418167114258e+00
5.148459672927856445e-01
1.036629676818847656e+00
8.785333037376403809e-01
7.824006676673889160e-01
1.545142054557800293e+00
9.681848287582397461e-01
1.214912652969360352e+00
1.347155928611755371e+00
1.303127527236938477e+00
1.633255004882812500e+00
1.201117396354675293e+00
9.122797846794128418e-01
1.496229171752929688e+00
9.828453063964843750e-01
1.146203875541687012e+00
4.589533507823944092e-01
1.416179180145263672e+00
8.566602468490600586e-01
1.414091944694519043e+00
9.427378177642822266e-01
1.076719164848327637e+00
1.244762778282165527e+00
1.182289004325866699e+00
1.532520174980163574e+00
1.439104914665222168e+00
1.174327373504638672e+00
1.139582753181457520e+00
2.107933044433593750e+00
1.524943947792053223e+00
8.858773112297058105e-01
1.433063745498657227e+00
1.881682157516479492e+00
9.286726117134094238e-01
1.618470788002014160e+00
1.290793538093566895e+00
2.313052415847778320e+00
1.235726833343505859e+00
6.947805285453796387e-01
1.591374039649963379e+00
1.436182856559753418e+00
1.274186611175537109e+00
1.186618089675903320e+00
1.378807306289672852e+00
1.359780788421630859e+00
9.869416952133178711e-01
1.807124853134155273e+00
1.361680507659912109e+00
1.115276098251342773e+00
1.102332592010498047e+00
1.176920175552368164e+00
1.584978461265563965e+00
1.156828284263610840e+00
1.097281455993652344e+00
1.482080817222595215e+00
1.180902004241943359e+00
1.729433536529541016e+00
1.069394707679748535e+00
1.243199348449707031e+00
1.733718395233154297e+00
1.861965775489807129e+00
1.255200386047363281e+00
1.377379655838012695e+00
1.245976090431213379e+00
9.351797699928283691e-01
1.064504742622375488e+00
1.020483255386352539e+00
1.287772059440612793e+00
1.221852064132690430e+00
1.428209424018859863e+00
1.259951114654541016e+00
1.306564688682556152e+00
1.016122221946716309e+00
9.752472043037414551e-01
1.023687601089477539e+00
8.332610726356506348e-01
1.036669731140136719e+00
1.205418944358825684e+00
1.037971496582031250e+00
1.680857539176940918e+00
9.252098202705383301e-01
1.482101678848266602e+00
1.198371648788452148e+00
1.213109612464904785e+00
8.814545869827270508e-01
1.669034600257873535e+00
1.629199147224426270e+00
1.085011363029479980e+00
9.914660453796386719e-01
7.975780367851257324e-01
1.530732989311218262e+00
1.175460338592529297e+00
1.118152976036071777e+00
1.277445793151855469e+00
1.196416497230529785e+00
8.732601404190063477e-01
1.853818178176879883e+00
1.317577600479125977e+00
1.477606892585754395e+00
1.424479365348815918e+00
1.361083507537841797e+00
