0.000000000000000000e+00
0.000000000000000000e+00
0.000000000000000000e+00
0.000000000000000000e+00
0.000000000000000000e+00
2.000000094994902611e-03
0.000000000000000000e+00
0.000000000000000000e+00
2.199999988079071045e-02
0.000000000000000000e+00
5.419999957084655762e-01
1.000000000000000000e+00
1.000000000000000000e+00
0.000000000000000000e+00
0.000000000000000000e+00
0.000000000000000000e+00
0.000000000000000000e+00
1.000000000000000000e+00
0.000000000000000000e+00
0.000000000000000000e+00
4.099999964237213135e-01
0.000000000000000000e+00
0.000000000000000000e+00
0.000000000000000000e+00
7.099999785423278809e-01
0.000000000000000000e+00
0.000000000000000000e+00
0.000000000000000000e+00
1.000000000000000000e+00
9.999999776482582092e-03
0.000000000000000000e+00
0.000000000000000000e+00
0.000000000000000000e+00
0.000000000000000000e+00
0.000000000000000000e+00
0.000000000000000000e+00
0.000000000000000000e+00
4.000000189989805222e-03
0.000000000000000000e+00
0.000000000000000000e+00
9.679999947547912598e-01
1.000000000000000000e+00
1.000000000000000000e+00
0.000000000000000000e+00
1.000000000000000000e+00
0.000000000000000000e+00
0.000000000000000000e+00
0.000000000000000000e+00
0.000000000000000000e+00
0.000000000000000000e+00
0.000000000000000000e+00
0.000000000000000000e+00
0.000000000000000000e+00
0.000000000000000000e+00
0.000000000000000000e+00
0.000000000000000000e+00
1.000000000000000000e+00
0.000000000000000000e+00
0.000000000000000000e+00
2.000000094994902611e-03
0.000000000000000000e+00
0.000000000000000000e+00
0.000000000000000000e+00
1.000000000000000000e+00
9.639999866485595703e-01
1.000000000000000000e+00
1.000000000000000000e+00
0.000000000000000000e+00
0.000000000000000000e+00
0.000000000000000000e+00
0.000000000000000000e+00
1.000000000000000000e+00
0.000000000000000000e+00
0.000000000000000000e+00
9.819999933242797852e-01
0.000000000000000000e+00
3.999999910593032837e-02
0.000000000000000000e+00
0.000000000000000000e+00
5.419999957084655762e-01
0.000000000000000000e+00
0.000000000000000000e+00
1.000000000000000000e+00
1.999999955296516418e-02
1.000000000000000000e+00
0.000000000000000000e+00
0.000000000000000000e+00
2.000000094994902611e-03
0.000000000000000000e+00
0.000000000000000000e+00
2.000000094994902611e-03
1.000000000000000000e+00
0.000000000000000000e+00
0.000000000000000000e+00
2.879999876022338867e-01
2.360000014305114746e-01
1.000000000000000000e+00
1.000000000000000000e+00
0.000000000000000000e+00
0.000000000000000000e+00
2.600000053644180298e-02
0.000000000000000000e+00
1.000000000000000000e+00
9.819999933242797852e-01
0.000000000000000000e+00
0.000000000000000000e+00
1.000000000000000000e+00
1.000000000000000000e+00
0.000000000000000000e+00
0.000000000000000000e+00
0.000000000000000000e+00
8.759999871253967285e-01
8.500000238418579102e-01
0.000000000000000000e+00
1.000000000000000000e+00
0.000000000000000000e+00
9.600000083446502686e-02
4.860000014305114746e-01
0.000000000000000000e+00
0.000000000000000000e+00
0.000000000000000000e+00
0.000000000000000000e+00
0.000000000000000000e+00
0.000000000000000000e+00
2.000000094994902611e-03
1.000000000000000000e+00
0.000000000000000000e+00
0.000000000000000000e+00
0.000000000000000000e+00
8.640000224113464355e-01
9.840000271797180176e-01
0.000000000000000000e+00
0.000000000000000000e+00
0.000000000000000000e+00
0.000000000000000000e+00
9.599999785423278809e-01
0.000000000000000000e+00
0.000000000000000000e+00
0.000000000000000000e+00
0.000000000000000000e+00
0.000000000000000000e+00
0.000000000000000000e+00
1.199999973177909851e-01
0.000000000000000000e+00
1.000000000000000000e+00
2.000000094994902611e-03
0.000000000000000000e+00
1.000000000000000000e+00
9.800000190734863281e-01
1.000000000000000000e+00
0.000000000000000000e+00
1.400000043213367462e-02
0.000000000000000000e+00
0.000000000000000000e+00
9.279999732971191406e-01
9.039999842643737793e-01
0.000000000000000000e+00
8.780000209808349609e-01
0.000000000000000000e+00
0.000000000000000000e+00
9.959999918937683105e-01
0.000000000000000000e+00
4.280000030994415283e-01
0.000000000000000000e+00
0.000000000000000000e+00
1.000000000000000000e+00
9.039999842643737793e-01
1.000000000000000000e+00
0.000000000000000000e+00
0.000000000000000000e+00
3.400000184774398804e-02
0.000000000000000000e+00
0.000000000000000000e+00
0.000000000000000000e+00
5.799999833106994629e-02
0.000000000000000000e+00
0.000000000000000000e+00
9.959999918937683105e-01
9.980000257492065430e-01
6.499999761581420898e-01
0.000000000000000000e+00
1.000000000000000000e+00
0.000000000000000000e+00
1.000000000000000000e+00
0.000000000000000000e+00
0.000000000000000000e+00
1.000000000000000000e+00
0.000000000000000000e+00
0.000000000000000000e+00
0.000000000000000000e+00
9.760000109672546387e-01
2.000000094994902611e-03
9.900000095367431641e-01
0.000000000000000000e+00
8.579999804496765137e-01
0.000000000000000000e+00
0.000000000000000000e+00
1.200000010430812836e-02
0.000000000000000000e+00
1.000000000000000000e+00
1.360000073909759521e-01
4.219999909400939941e-01
2.199999988079071045e-02
9.879999756813049316e-01
1.000000000000000000e+00
1.000000000000000000e+00
8.759999871253967285e-01
