4.889082431793212891e+00
6.673264503479003906e+00
2.923727989196777344e+00
6.505583763122558594e+00
2.995554208755493164e+00
2.374084472656250000e+00
6.159843444824218750e+00
9.004522323608398438e+00
2.000918626785278320e+00
3.215205192565917969e+00
1.216833829879760742e+00
3.397374153137207031e-01
2.128690630197525024e-01
4.803581237792968750e+00
9.518357276916503906e+00
6.896674156188964844e+00
9.029030799865722656e+00
1.169627457857131958e-01
4.590671539306640625e+00
3.740249395370483398e+00
1.304635882377624512e+00
4.568097591400146484e+00
8.290994644165039062e+00
5.311288356781005859e+00
1.081200957298278809e+00
7.539195060729980469e+00
4.810619354248046875e+00
8.090364456176757812e+00
3.051987588405609131e-01
2.233782052993774414e+00
8.401290893554687500e+00
4.280675888061523438e+00
9.506005287170410156e+00
6.801296234130859375e+00
7.130091667175292969e+00
7.213217258453369141e+00
8.881743431091308594e+00
2.298093318939208984e+00
3.425328493118286133e+00
7.797540664672851562e+00
7.062487602233886719e-01
3.481432199478149414e-01
1.743491739034652710e-02
5.693568706512451172e+00
3.993692398071289062e-01
4.580311775207519531e+00
9.610322952270507812e+00
2.657589912414550781e+00
5.557500362396240234e+00
4.249008655548095703e+00
7.408932209014892578e+00
6.759264469146728516e+00
3.456463575363159180e+00
6.882771492004394531e+00
4.614876270294189453e+00
6.327221870422363281e+00
3.742676973342895508e-01
5.810007095336914062e+00
3.044834375381469727e+00
2.345674276351928711e+00
4.375321388244628906e+00
3.588224887847900391e+00
8.794107437133789062e+00
1.147507503628730774e-01
7.150082588195800781e-01
2.121805846691131592e-01
3.913834095001220703e-01
6.795779228210449219e+00
2.971527099609375000e+00
7.085074901580810547e+00
8.142937660217285156e+00
2.310018390417098999e-01
5.872195243835449219e+00
7.337768077850341797e+00
6.258305311203002930e-01
2.700808286666870117e+00
1.888145565986633301e+00
2.912066221237182617e+00
4.984242439270019531e+00
1.216503024101257324e+00
8.412654876708984375e+00
6.497055053710937500e+00
1.068791151046752930e-01
2.017354488372802734e+00
5.874021910130977631e-03
4.817364692687988281e+00
4.076426506042480469e+00
2.440309762954711914e+00
5.496198177337646484e+00
3.283741235733032227e+00
2.327127933502197266e+00
1.159117817878723145e-01
9.052221298217773438e+00
7.812374114990234375e+00
1.405320286750793457e+00
1.464700818061828613e+00
2.315878495573997498e-02
2.568336427211761475e-01
2.854886054992675781e+00
5.467222690582275391e+00
1.946437716484069824e+00
7.074271678924560547e+00
2.824369370937347412e-01
6.384816765785217285e-01
2.863946437835693359e+00
4.925467014312744141e+00
3.548607528209686279e-01
1.878480017185211182e-01
5.833706378936767578e+00
2.949854373931884766e+00
8.923830986022949219e+00
9.010161757469177246e-01
9.451193213462829590e-01
5.620418071746826172e+00
4.135245978832244873e-01
9.696108818054199219e+00
1.704332351684570312e+00
1.250592470169067383e+00
6.056907653808593750e+00
3.269912958145141602e+00
4.390312194824218750e+00
9.067945480346679688e+00
7.013742923736572266e+00
5.860915184020996094e+00
2.370095491409301758e+00
4.534179568290710449e-01
3.755103826522827148e+00
8.515586853027343750e+00
4.372652053833007812e+00
9.285274744033813477e-01
6.193951964378356934e-01
4.055089473724365234e+00
9.926270484924316406e+00
7.042781829833984375e+00
9.147344589233398438e+00
7.414994239807128906e-01
9.441268920898437500e+00
7.186459541320800781e+00
7.715757369995117188e+00
3.628201961517333984e+00
5.340480804443359375e+00
6.001505374908447266e+00
1.654958367347717285e+00
6.091351032257080078e+00
3.508072495460510254e-01
2.460739850997924805e+00
9.357497215270996094e+00
2.798365950584411621e-01
6.523659229278564453e-01
2.224098891019821167e-01
8.521285057067871094e+00
2.105488777160644531e+00
5.588899612426757812e+00
5.266009330749511719e+00
8.174187541007995605e-01
8.589496612548828125e-01
4.638802528381347656e+00
8.920536041259765625e-01
8.248864173889160156e+00
6.638672351837158203e+00
4.942308366298675537e-01
7.312088489532470703e+00
1.291137337684631348e+00
4.323430538177490234e+00
6.405062675476074219e+00
1.099439412355422974e-01
8.589803576469421387e-01
1.455721855163574219e-01
8.397842407226562500e+00
2.912145614624023438e+00
1.912369251251220703e+00
7.288266658782958984e+00
6.682290077209472656e+00
9.125559806823730469e+00
1.824547052383422852e+00
8.818780899047851562e+00
4.244240283966064453e+00
4.865729510784149170e-01
4.593597352504730225e-01
1.144310235977172852e+00
5.994076728820800781e+00
3.277013301849365234e-01
7.000537872314453125e+00
4.433002173900604248e-01
8.331567764282226562e+00
2.990171194076538086e+00
1.286936253309249878e-01
8.512067794799804688e+00
4.452367782592773438e+00
9.497334480285644531e+00
6.678792834281921387e-01
2.347064971923828125e+00
5.271151065826416016e-01
4.907224178314208984e+00
9.352663159370422363e-01
4.179886341094970703e+00
9.205224990844726562e+00
2.158319473266601562e+00
3.094705104827880859e+00
8.782374113798141479e-02
1.609288692474365234e+00
1.293958783149719238e+00
1.999334216117858887e+00
5.480433106422424316e-01
4.278697669506072998e-01
3.161321878433227539e-01
9.020119309425354004e-01
